[200  11]
[198  11]
[196   9]
[195   9]
[193   9]
[191   9]
[189   9]
[188   9]
[186   9]
[184   9]
[182   9]
[181   9]
[179   9]
[177   9]
[175   9]
[173   9]
[172   9]
[170   9]
[168   9]
[166   9]
[165   9]
[163   7]
[161   7]
[159   7]
[158   7]
[156   7]
[154   7]
[152   5]
[150   5]
[149   5]
[147   5]
[145   4]
[143   4]
[142   4]
[140   4]
[138   4]
[136   2]
[135   2]
[133   2]
[131   2]
[129   2]
[127   2]
[126   2]
[124   2]
[122   2]
[120   2]
[119   2]
[117   2]
[115   4]
[113   4]
[112   5]
[112   7]
[112   9]
[110  11]
[112  12]
[112  14]
[112  16]
[112  18]
[113  19]
[113  21]
[115  23]
[115  25]
[117  27]
[117  28]
[119  30]
[119  32]
[120  34]
[120  35]
[122  37]
[122  39]
[122  41]
[124  42]
[124  44]
[124  46]
[124  48]
[124  50]
[124  51]
[124  53]
[124  55]
[122  57]
[122  58]
[120  60]
[119  62]
[117  64]
[115  64]
[113  65]
[112  65]
[110  65]
[108  67]
[106  67]
[104  67]
[103  67]
[101  67]
[99 67]
[97 69]
[96 67]
[94 67]
[92 67]
[90 67]
[88 67]
[87 67]
[85 67]
[83 65]
[81 65]
[80 65]
[78 64]
[76 64]
[74 62]
[74 60]
[73 58]
[73 57]
[71 55]
[71 53]
[71 51]
[73 50]
[73 48]
[73 46]
[73 44]
[74 42]
[74 41]
[74 39]
[76 37]
[76 35]
[78 34]
[80 32]
[80 30]
[81 28]
[81 27]
[83 25]
[85 23]
[85 21]
[87 19]
[88 18]
[88 16]
[88 14]
[90 12]
[90 11]
[90  9]
[88  7]
[88  5]
[87  5]
[85  4]
[83  2]
[81  2]
[80  0]
[78  0]
[76  0]
[74  0]
[73  0]
[71  0]
[69  0]
[67  0]
[65  0]
[64  0]
[62  0]
[60  0]
[58  0]
[57  0]
[55  0]
[53  0]
[51  0]
[50  0]
[48  0]
[46  0]
[44  2]
[42  2]
[41  2]
[39  2]
[37  2]
[35  4]
[34  4]
[32  4]
[30  4]
[28  4]
[27  4]
[25  5]
[23  5]
[21  5]
[19  5]
[18  5]
[16  7]
[14  7]
[12  7]
[11  7]
[9 7]
[7 9]
[5 9]
[4 9]
[2 9]
[0 9]
