[200  10]
[198  10]
[197  10]
[195  10]
[194  10]
[192  10]
[190  10]
[189   8]
[187   8]
[186   8]
[184   8]
[183   8]
[181   8]
[179   6]
[178   6]
[176   6]
[175   6]
[173   6]
[171   5]
[170   5]
[168   5]
[167   5]
[165   5]
[163   3]
[162   3]
[160   3]
[159   3]
[157   3]
[156   3]
[154   2]
[152   2]
[151   2]
[149   2]
[148   2]
[146   2]
[144   2]
[143   0]
[141   0]
[140   0]
[138   0]
[137   0]
[135   0]
[133   0]
[132   0]
[130   0]
[129   0]
[127   0]
[125   0]
[124   0]
[122   0]
[121   0]
[119   2]
[117   2]
[116   2]
[114   2]
[113   3]
[111   5]
[110   6]
[108   8]
[108  10]
[108  11]
[108  13]
[108  14]
[108  16]
[108  17]
[110  19]
[110  21]
[111  22]
[113  24]
[113  25]
[114  27]
[116  29]
[116  30]
[117  32]
[119  33]
[119  35]
[121  37]
[121  38]
[122  40]
[122  41]
[124  43]
[124  44]
[124  46]
[125  48]
[125  49]
[125  51]
[125  52]
[125  54]
[125  56]
[125  57]
[125  59]
[124  60]
[124  62]
[122  63]
[121  65]
[119  65]
[117  67]
[116  67]
[114  67]
[113  68]
[111  68]
[110  68]
[108  68]
[106  70]
[105  70]
[103  70]
[102  70]
[100  70]
[98 70]
[97 70]
[95 70]
[94 70]
[92 68]
[90 68]
[89 68]
[87 68]
[86 67]
[84 67]
[83 67]
[81 65]
[79 63]
[78 63]
[76 62]
[76 60]
[75 59]
[73 57]
[73 56]
[73 54]
[73 52]
[73 51]
[73 49]
[73 48]
[73 46]
[73 44]
[73 43]
[75 41]
[75 40]
[75 38]
[76 37]
[76 35]
[78 33]
[78 32]
[79 30]
[79 29]
[81 27]
[81 25]
[83 24]
[83 22]
[84 21]
[84 19]
[86 17]
[86 16]
[86 14]
[86 13]
[86 11]
[86 10]
[86  8]
[84  6]
[83  5]
[81  3]
[79  3]
[78  3]
[76  3]
[75  3]
[73  3]
[71  2]
[70  3]
[68  3]
[67  3]
[65  3]
[63  3]
[62  3]
[60  3]
[59  3]
[57  3]
[56  5]
[54  5]
[52  5]
[51  5]
[49  5]
[48  6]
[46  6]
[44  6]
[43  6]
[41  6]
[40  8]
[38  8]
[37  8]
[35  8]
[33  8]
[32  8]
[30 10]
[29 10]
[27 10]
[25 10]
[24 10]
[22 10]
[21 10]
[19 10]
[17 10]
[16 11]
[14 11]
[13 11]
[11 11]
[10 11]
[ 8 11]
[ 6 11]
[ 5 11]
[ 3 11]
[ 2 10]
[ 0 10]
