[200  11]
[198  11]
[197  11]
[195  11]
[194  11]
[192  11]
[190  11]
[189  11]
[187  11]
[186  11]
[184  11]
[183  11]
[181  11]
[179  11]
[178  11]
[176  11]
[175  10]
[173  10]
[171  10]
[170  10]
[168  10]
[167   8]
[165   8]
[163   8]
[162   8]
[160   6]
[159   6]
[157   6]
[156   5]
[154   5]
[152   5]
[151   5]
[149   3]
[148   3]
[146   3]
[144   3]
[143   3]
[141   2]
[140   2]
[138   2]
[137   2]
[135   2]
[133   2]
[132   0]
[130   0]
[129   0]
[127   0]
[125   0]
[124   2]
[122   2]
[121   2]
[119   2]
[117   3]
[116   3]
[114   5]
[113   6]
[111   8]
[111  10]
[111  11]
[111  13]
[111  14]
[111  16]
[111  17]
[111  19]
[111  21]
[113  22]
[113  24]
[113  25]
[114  27]
[114  29]
[116  30]
[116  32]
[117  33]
[117  35]
[119  37]
[121  38]
[121  40]
[122  41]
[122  43]
[124  44]
[124  46]
[124  48]
[125  49]
[125  51]
[125  52]
[125  54]
[127  56]
[127  57]
[127  59]
[127  60]
[125  62]
[125  63]
[125  65]
[124  67]
[122  68]
[121  68]
[119  68]
[117  70]
[116  70]
[114  70]
[113  70]
[111  70]
[110  70]
[108  70]
[106  70]
[105  68]
[103  68]
[102  68]
[100  68]
[98 68]
[97 68]
[95 67]
[94 67]
[92 67]
[90 65]
[89 65]
[87 63]
[86 63]
[84 62]
[83 60]
[81 60]
[79 59]
[78 57]
[76 56]
[76 54]
[75 52]
[75 51]
[75 49]
[75 48]
[73 46]
[73 44]
[73 43]
[75 41]
[75 40]
[75 38]
[75 37]
[76 35]
[76 33]
[78 32]
[78 30]
[79 29]
[79 27]
[81 25]
[83 24]
[83 22]
[84 21]
[84 19]
[84 17]
[86 16]
[86 14]
[86 13]
[86 11]
[84 10]
[84  8]
[83  6]
[81  5]
[79  5]
[78  5]
[76  5]
[75  3]
[73  3]
[71  3]
[70  3]
[68  3]
[67  3]
[65  5]
[63  5]
[62  5]
[60  5]
[59  5]
[57  5]
[56  5]
[54  6]
[52  6]
[51  6]
[49  6]
[48  6]
[46  8]
[44  8]
[43  8]
[41  8]
[40  8]
[38 10]
[37 10]
[35 10]
[33 10]
[32 10]
[30 10]
[29 11]
[27 11]
[25 11]
[24 11]
[22 11]
[21 11]
[19 11]
[17 11]
[16 11]
[14 11]
[13 11]
[11 11]
[10 11]
[ 8 11]
[ 6 11]
[ 5 11]
[ 3 11]
[ 2 11]
[ 0 11]
