[200  11]
[198  11]
[197  11]
[195  11]
[194  11]
[192  11]
[190  11]
[189  11]
[187  11]
[186  11]
[184  11]
[183  11]
[181  11]
[179  11]
[178  11]
[176  11]
[175  11]
[173  11]
[171  10]
[170  10]
[168  10]
[167  10]
[165  10]
[163  10]
[162   8]
[160   8]
[159   8]
[157   8]
[156   8]
[154   8]
[152   6]
[151   6]
[149   6]
[148   6]
[146   5]
[144   5]
[143   5]
[141   5]
[140   5]
[138   5]
[137   3]
[135   3]
[133   3]
[132   3]
[130   3]
[129   3]
[127   3]
[125   3]
[124   3]
[122   3]
[121   3]
[119   5]
[117   5]
[116   5]
[114   6]
[113   8]
[113  10]
[111  11]
[111  13]
[111  14]
[111  16]
[111  17]
[111  19]
[113  21]
[113  22]
[113  24]
[114  25]
[116  27]
[116  29]
[117  30]
[117  32]
[119  33]
[119  35]
[121  37]
[121  38]
[121  40]
[122  41]
[122  43]
[122  44]
[122  46]
[122  48]
[122  49]
[122  51]
[122  52]
[121  54]
[121  56]
[119  57]
[117  59]
[116  60]
[114  62]
[113  62]
[111  63]
[110  63]
[108  65]
[106  65]
[105  65]
[103  67]
[102  67]
[100  67]
[98 68]
[97 68]
[95 68]
[94 68]
[92 68]
[90 68]
[89 68]
[87 70]
[86 70]
[84 70]
[83 70]
[81 68]
[79 68]
[78 68]
[76 68]
[75 67]
[73 65]
[71 63]
[71 62]
[70 60]
[70 59]
[70 57]
[70 56]
[70 54]
[70 52]
[70 51]
[70 49]
[71 48]
[71 46]
[71 44]
[73 43]
[73 41]
[75 40]
[75 38]
[76 37]
[76 35]
[78 33]
[78 32]
[79 30]
[79 29]
[81 27]
[81 25]
[83 24]
[83 22]
[84 21]
[84 19]
[84 17]
[84 16]
[86 14]
[86 13]
[86 11]
[86 10]
[86  8]
[84  6]
[84  5]
[83  3]
[81  2]
[79  2]
[78  2]
[76  0]
[75  0]
[73  0]
[71  0]
[70  0]
[68  0]
[67  0]
[65  0]
[63  0]
[62  0]
[60  2]
[59  2]
[57  2]
[56  2]
[54  2]
[52  3]
[51  3]
[49  3]
[48  3]
[46  5]
[44  5]
[43  5]
[41  5]
[40  6]
[38  6]
[37  6]
[35  6]
[33  8]
[32  8]
[30  8]
[29  8]
[27 10]
[25 10]
[24 10]
[22 10]
[21 10]
[19 11]
[17 11]
[16 11]
[14 11]
[13 11]
[11 11]
[10 11]
[ 8 11]
[ 6 11]
[ 5 11]
[ 3 11]
[ 2 11]
[ 0 11]
