[200  21]
[198  21]
[197  21]
[195  21]
[194  21]
[192  21]
[190  21]
[189  21]
[187  19]
[186  19]
[184  19]
[183  19]
[181  19]
[179  19]
[178  17]
[176  17]
[175  17]
[173  16]
[171  16]
[170  16]
[168  14]
[167  14]
[165  13]
[163  13]
[162  11]
[160  11]
[159  10]
[157  10]
[156   8]
[154   8]
[152   8]
[151   6]
[149   6]
[148   5]
[146   5]
[144   5]
[143   3]
[141   3]
[140   3]
[138   2]
[137   2]
[135   2]
[133   0]
[132   0]
[130   0]
[129   0]
[127   0]
[125   0]
[124   0]
[122   0]
[121   0]
[119   2]
[117   3]
[117   5]
[117   6]
[117   8]
[117  10]
[117  11]
[119  13]
[119  14]
[121  16]
[121  17]
[122  19]
[122  21]
[124  22]
[125  24]
[125  25]
[127  27]
[127  29]
[129  30]
[129  32]
[130  33]
[130  35]
[130  37]
[130  38]
[130  40]
[130  41]
[130  43]
[130  44]
[129  46]
[127  48]
[125  49]
[124  51]
[122  51]
[121  51]
[119  52]
[117  52]
[116  52]
[114  54]
[113  54]
[111  54]
[110  54]
[108  54]
[106  56]
[105  56]
[103  56]
[102  56]
[100  56]
[98 56]
[97 56]
[95 56]
[94 56]
[92 56]
[90 54]
[89 54]
[87 54]
[86 52]
[84 52]
[83 51]
[81 49]
[79 48]
[78 46]
[78 44]
[76 43]
[76 41]
[76 40]
[75 38]
[75 37]
[75 35]
[75 33]
[75 32]
[75 30]
[75 29]
[75 27]
[75 25]
[75 24]
[75 22]
[75 21]
[75 19]
[75 17]
[75 16]
[75 14]
[73 13]
[73 11]
[73 10]
[71  8]
[70  8]
[68  6]
[67  6]
[65  6]
[63  6]
[62  6]
[60  6]
[59  6]
[57  6]
[56  6]
[54  6]
[52  6]
[51  8]
[49  8]
[48  8]
[46 10]
[44 10]
[43 10]
[41 11]
[40 11]
[38 13]
[37 13]
[35 13]
[33 14]
[32 14]
[30 16]
[29 16]
[27 16]
[25 16]
[24 17]
[22 17]
[21 17]
[19 19]
[17 19]
[16 19]
[14 19]
[13 19]
[11 19]
[10 21]
[ 8 21]
[ 6 21]
[ 5 21]
[ 3 21]
[ 2 21]
[ 0 21]
