[200  22]
[198  20]
[197  20]
[195  20]
[194  20]
[192  20]
[191  20]
[189  20]
[187  20]
[186  20]
[184  20]
[183  19]
[181  19]
[180  19]
[178  19]
[176  17]
[175  17]
[173  17]
[172  17]
[170  16]
[169  16]
[167  16]
[165  14]
[164  14]
[162  13]
[161  13]
[159  13]
[157  11]
[156  11]
[154   9]
[153   9]
[151   9]
[150   8]
[148   8]
[146   8]
[145   8]
[143   6]
[142   6]
[140   6]
[139   6]
[137   6]
[135   6]
[134   6]
[132   6]
[131   6]
[129   8]
[128   8]
[126   9]
[124  11]
[124  13]
[123  14]
[123  16]
[123  17]
[121  19]
[121  20]
[121  22]
[121  24]
[123  25]
[123  27]
[123  28]
[123  30]
[123  31]
[123  33]
[123  35]
[121  36]
[121  38]
[121  39]
[121  41]
[121  43]
[120  44]
[120  46]
[118  47]
[118  49]
[117  50]
[115  52]
[113  52]
[112  54]
[110  54]
[109  55]
[107  55]
[106  55]
[104  55]
[102  55]
[101  55]
[99 55]
[98 55]
[96 55]
[94 55]
[93 55]
[91 55]
[90 55]
[88 54]
[87 54]
[85 54]
[83 54]
[82 52]
[80 52]
[79 52]
[77 52]
[76 50]
[74 50]
[72 49]
[71 47]
[69 46]
[68 44]
[68 43]
[66 41]
[66 39]
[66 38]
[66 36]
[66 35]
[66 33]
[68 31]
[68 30]
[69 28]
[69 27]
[71 25]
[71 24]
[72 22]
[72 20]
[74 19]
[76 17]
[76 16]
[77 14]
[77 13]
[79 11]
[79  9]
[79  8]
[80  6]
[80  5]
[80  3]
[79  2]
[77  0]
[76  0]
[74  0]
[72  0]
[71  0]
[69  0]
[68  0]
[66  2]
[65  2]
[63  2]
[61  2]
[60  3]
[58  3]
[57  3]
[55  5]
[54  5]
[52  5]
[50  6]
[49  6]
[47  8]
[46  8]
[44  8]
[43  9]
[41  9]
[39 11]
[38 11]
[36 13]
[35 13]
[33 14]
[31 14]
[30 16]
[28 16]
[27 16]
[25 17]
[24 17]
[22 17]
[20 19]
[19 19]
[17 19]
[16 19]
[14 19]
[13 20]
[11 20]
[ 9 20]
[ 8 20]
[ 6 20]
[ 5 20]
[ 3 20]
[ 2 20]
[ 0 20]
