[200  10]
[198  10]
[197  10]
[195  10]
[194  10]
[192  10]
[190   8]
[189   8]
[187   8]
[186   8]
[184   8]
[183   8]
[181   6]
[179   6]
[178   6]
[176   6]
[175   6]
[173   6]
[171   5]
[170   5]
[168   5]
[167   5]
[165   5]
[163   5]
[162   5]
[160   3]
[159   3]
[157   3]
[156   3]
[154   3]
[152   3]
[151   3]
[149   3]
[148   3]
[146   3]
[144   3]
[143   3]
[141   3]
[140   3]
[138   3]
[137   3]
[135   3]
[133   3]
[132   3]
[130   3]
[129   3]
[127   5]
[125   5]
[124   5]
[122   5]
[121   6]
[119   6]
[117   6]
[116   8]
[114  10]
[113  10]
[111  11]
[111  13]
[110  14]
[110  16]
[108  17]
[108  19]
[108  21]
[110  22]
[110  24]
[110  25]
[110  27]
[111  29]
[111  30]
[113  32]
[113  33]
[114  35]
[116  37]
[117  38]
[117  40]
[119  41]
[121  43]
[121  44]
[122  46]
[122  48]
[124  49]
[125  51]
[125  52]
[127  54]
[127  56]
[127  57]
[129  59]
[129  60]
[129  62]
[129  63]
[129  65]
[127  67]
[125  68]
[124  68]
[122  68]
[121  68]
[119  68]
[117  68]
[116  67]
[114  67]
[113  67]
[111  67]
[110  65]
[108  65]
[106  65]
[105  65]
[103  63]
[102  63]
[100  62]
[98 60]
[97 59]
[95 57]
[94 56]
[94 54]
[92 52]
[92 51]
[90 49]
[90 48]
[90 46]
[89 44]
[89 43]
[89 41]
[89 40]
[89 38]
[89 37]
[89 35]
[89 33]
[89 32]
[89 30]
[90 29]
[90 27]
[90 25]
[90 24]
[90 22]
[90 21]
[90 19]
[90 17]
[90 16]
[90 14]
[90 13]
[89 11]
[89 10]
[87  8]
[87  6]
[86  5]
[84  3]
[83  3]
[81  2]
[79  2]
[78  2]
[76  0]
[75  0]
[73  0]
[71  0]
[70  0]
[68  0]
[67  0]
[65  0]
[63  2]
[62  2]
[60  2]
[59  2]
[57  2]
[56  3]
[54  3]
[52  3]
[51  5]
[49  5]
[48  5]
[46  6]
[44  6]
[43  6]
[41  6]
[40  6]
[38  6]
[37  8]
[35  8]
[33  8]
[32  8]
[30  8]
[29  8]
[27 10]
[25 10]
[24 10]
[22 10]
[21 10]
[19 10]
[17 10]
[16 10]
[14 10]
[13 10]
[11 10]
[10 10]
[ 8 10]
[ 6 10]
[ 5 10]
[ 3 10]
[ 2 10]
[ 0 10]
