[200  10]
[198  10]
[197  10]
[195  10]
[194  10]
[192  10]
[190  10]
[189  10]
[187  10]
[186  10]
[184  10]
[183  10]
[181  10]
[179  10]
[178  10]
[176  10]
[175  10]
[173   8]
[171   8]
[170   8]
[168   8]
[167   8]
[165   8]
[163   8]
[162   6]
[160   6]
[159   6]
[157   6]
[156   6]
[154   6]
[152   5]
[151   5]
[149   5]
[148   3]
[146   3]
[144   3]
[143   2]
[141   2]
[140   2]
[138   2]
[137   2]
[135   0]
[133   0]
[132   0]
[130   0]
[129   0]
[127   0]
[125   0]
[124   0]
[122   0]
[121   2]
[119   2]
[117   2]
[116   3]
[114   3]
[113   5]
[111   6]
[111   8]
[110  10]
[108  11]
[108  13]
[108  14]
[108  16]
[106  17]
[106  19]
[106  21]
[106  22]
[106  24]
[106  25]
[106  27]
[106  29]
[108  30]
[108  32]
[108  33]
[108  35]
[108  37]
[108  38]
[108  40]
[108  41]
[108  43]
[108  44]
[108  46]
[108  48]
[106  49]
[106  51]
[106  52]
[105  54]
[105  56]
[103  57]
[102  59]
[100  60]
[98 62]
[97 63]
[95 63]
[94 65]
[92 65]
[90 65]
[89 67]
[87 67]
[86 67]
[84 67]
[83 67]
[81 68]
[79 68]
[78 68]
[76 68]
[75 68]
[73 67]
[71 67]
[70 65]
[68 63]
[68 62]
[68 60]
[68 59]
[68 57]
[70 56]
[70 54]
[70 52]
[71 51]
[71 49]
[73 48]
[73 46]
[75 44]
[76 43]
[76 41]
[78 40]
[79 38]
[79 37]
[81 35]
[83 33]
[83 32]
[84 30]
[86 29]
[86 27]
[87 25]
[87 24]
[87 22]
[87 21]
[89 19]
[89 17]
[89 16]
[87 14]
[87 13]
[87 11]
[86 10]
[84  8]
[83  8]
[81  6]
[79  6]
[78  5]
[76  5]
[75  5]
[73  5]
[71  3]
[70  3]
[68  3]
[67  3]
[65  3]
[63  3]
[62  3]
[60  3]
[59  3]
[57  3]
[56  3]
[54  3]
[52  3]
[51  3]
[49  3]
[48  3]
[46  3]
[44  3]
[43  3]
[41  3]
[40  3]
[38  3]
[37  3]
[35  5]
[33  5]
[32  5]
[30  5]
[29  5]
[27  5]
[25  6]
[24  6]
[22  6]
[21  6]
[19  6]
[17  6]
[16  8]
[14  8]
[13  8]
[11  8]
[10  8]
[8 8]
[6 8]
[ 5 10]
[ 3 10]
[ 2 10]
[ 0 10]
