[200   2]
[198   0]
[196   0]
[195   0]
[193   0]
[191   0]
[189   0]
[188   0]
[186   0]
[184   0]
[182   0]
[181   0]
[179   0]
[177   0]
[175   0]
[173   0]
[172   0]
[170   0]
[168   0]
[166   0]
[165   0]
[163   0]
[161   0]
[159   0]
[158   0]
[156   0]
[154   0]
[152   0]
[150   0]
[149   0]
[147   0]
[145   0]
[143   0]
[142   0]
[140   0]
[138   0]
[136   0]
[135   0]
[133   0]
[131   0]
[129   0]
[127   0]
[126   0]
[124   0]
[122   0]
[120   0]
[119   0]
[117   0]
[115   0]
[113   0]
[112   0]
[110   0]
[108   0]
[106   0]
[104   0]
[103   0]
[101   0]
[99  0]
[97  0]
[96  0]
[94  0]
[92  0]
[90  0]
[88  0]
[87  0]
[85  0]
[83  0]
[81  0]
[80  0]
[78  0]
[76  0]
[74  0]
[73  0]
[71  0]
[69  0]
[67  0]
[65  0]
[64  0]
[62  0]
[60  0]
[58  0]
[57  0]
[55  0]
[53  0]
[51  0]
[50  0]
[48  0]
[46  0]
[44  0]
[42  0]
[41  0]
[39  0]
[37  0]
[35  0]
[34  0]
[32  0]
[30  0]
[28  0]
[27  0]
[25  0]
[23  0]
[21  0]
[19  0]
[18  0]
[16  0]
[14  0]
[12  0]
[11  0]
[9 0]
[7 0]
[5 0]
[4 0]
[2 0]
[0 0]
