[200  60]
[198  60]
[197  60]
[195  60]
[194  60]
[192  60]
[190  60]
[189  62]
[187  62]
[186  62]
[184  62]
[183  62]
[181  62]
[179  63]
[178  63]
[176  63]
[175  63]
[173  63]
[171  65]
[170  65]
[168  65]
[167  65]
[165  65]
[163  67]
[162  67]
[160  67]
[159  67]
[157  67]
[156  68]
[154  68]
[152  68]
[151  68]
[149  68]
[148  68]
[146  68]
[144  68]
[143  70]
[141  70]
[140  70]
[138  70]
[137  70]
[135  70]
[133  70]
[132  70]
[130  70]
[129  70]
[127  70]
[125  70]
[124  70]
[122  70]
[121  70]
[119  68]
[117  68]
[116  68]
[114  67]
[113  67]
[111  65]
[110  63]
[110  62]
[110  60]
[110  59]
[110  57]
[110  56]
[110  54]
[111  52]
[111  51]
[113  49]
[114  48]
[114  46]
[116  44]
[117  43]
[117  41]
[119  40]
[121  38]
[121  37]
[122  35]
[122  33]
[124  32]
[124  30]
[125  29]
[125  27]
[125  25]
[127  24]
[127  22]
[127  21]
[127  19]
[127  17]
[127  16]
[127  14]
[127  13]
[127  11]
[125  10]
[124   8]
[124   6]
[122   6]
[121   5]
[119   3]
[117   3]
[116   3]
[114   2]
[113   2]
[111   2]
[110   2]
[108   0]
[106   0]
[105   0]
[103   0]
[102   0]
[100   0]
[98  0]
[97  0]
[95  0]
[94  0]
[92  2]
[90  2]
[89  2]
[87  2]
[86  3]
[84  3]
[83  3]
[81  5]
[79  6]
[78  6]
[76  8]
[76 10]
[75 11]
[73 13]
[73 14]
[73 16]
[71 17]
[71 19]
[71 21]
[71 22]
[73 24]
[73 25]
[73 27]
[73 29]
[73 30]
[75 32]
[75 33]
[75 35]
[76 37]
[76 38]
[78 40]
[78 41]
[79 43]
[79 44]
[81 46]
[83 48]
[83 49]
[84 51]
[84 52]
[84 54]
[86 56]
[86 57]
[86 59]
[86 60]
[86 62]
[84 63]
[83 65]
[81 67]
[79 67]
[78 67]
[76 67]
[75 67]
[73 68]
[71 68]
[70 68]
[68 67]
[67 67]
[65 67]
[63 67]
[62 67]
[60 67]
[59 67]
[57 67]
[56 65]
[54 65]
[52 65]
[51 65]
[49 63]
[48 63]
[46 63]
[44 63]
[43 63]
[41 62]
[40 62]
[38 62]
[37 62]
[35 62]
[33 62]
[32 60]
[30 60]
[29 60]
[27 60]
[25 60]
[24 60]
[22 60]
[21 60]
[19 60]
[17 60]
[16 59]
[14 59]
[13 59]
[11 59]
[10 59]
[ 8 59]
[ 6 59]
[ 5 59]
[ 3 60]
[ 2 60]
[ 0 60]
