[200  60]
[198  58]
[196  58]
[195  58]
[193  58]
[191  58]
[189  58]
[188  58]
[186  58]
[184  58]
[182  58]
[181  58]
[179  58]
[177  58]
[175  58]
[173  58]
[172  58]
[170  58]
[168  60]
[166  60]
[165  60]
[163  60]
[161  60]
[159  60]
[158  60]
[156  62]
[154  62]
[152  62]
[150  62]
[149  62]
[147  64]
[145  64]
[143  64]
[142  64]
[140  65]
[138  65]
[136  65]
[135  65]
[133  65]
[131  65]
[129  65]
[127  65]
[126  65]
[124  65]
[122  65]
[120  65]
[119  65]
[117  65]
[115  64]
[113  62]
[113  60]
[113  58]
[113  57]
[113  55]
[113  53]
[115  51]
[115  50]
[117  48]
[117  46]
[119  44]
[119  42]
[120  41]
[120  39]
[122  37]
[122  35]
[124  34]
[124  32]
[124  30]
[126  28]
[126  27]
[126  25]
[126  23]
[126  21]
[126  19]
[126  18]
[126  16]
[126  14]
[126  12]
[124  11]
[124   9]
[122   7]
[120   5]
[119   5]
[117   4]
[115   2]
[113   2]
[112   2]
[110   2]
[108   0]
[106   0]
[104   0]
[103   0]
[101   0]
[99  0]
[97  0]
[96  0]
[94  0]
[92  0]
[90  0]
[88  0]
[87  0]
[85  2]
[83  2]
[81  2]
[80  4]
[78  4]
[76  5]
[74  7]
[73  9]
[73 11]
[73 12]
[73 14]
[71 16]
[71 18]
[73 19]
[73 21]
[73 23]
[73 25]
[74 27]
[74 28]
[76 30]
[76 32]
[78 34]
[78 35]
[80 37]
[80 39]
[81 41]
[83 42]
[83 44]
[85 46]
[87 48]
[87 50]
[88 51]
[88 53]
[90 55]
[90 57]
[90 58]
[90 60]
[88 62]
[87 64]
[85 65]
[83 65]
[81 67]
[80 67]
[78 67]
[76 67]
[74 69]
[73 69]
[71 69]
[69 69]
[67 69]
[65 69]
[64 69]
[62 67]
[60 67]
[58 67]
[57 67]
[55 67]
[53 67]
[51 67]
[50 67]
[48 67]
[46 67]
[44 65]
[42 65]
[41 65]
[39 65]
[37 65]
[35 65]
[34 64]
[32 64]
[30 64]
[28 64]
[27 64]
[25 62]
[23 62]
[21 62]
[19 62]
[18 62]
[16 60]
[14 60]
[12 60]
[11 60]
[ 9 60]
[ 7 60]
[ 5 58]
[ 4 58]
[ 2 58]
[ 0 58]
