[200  60]
[198  58]
[196  58]
[195  58]
[193  58]
[191  58]
[189  57]
[188  57]
[186  58]
[184  58]
[182  58]
[181  58]
[179  58]
[177  58]
[175  58]
[173  58]
[172  58]
[170  58]
[168  58]
[166  58]
[165  60]
[163  60]
[161  60]
[159  60]
[158  60]
[156  60]
[154  62]
[152  62]
[150  62]
[149  62]
[147  62]
[145  64]
[143  64]
[142  64]
[140  64]
[138  65]
[136  65]
[135  65]
[133  65]
[131  65]
[129  65]
[127  65]
[126  65]
[124  65]
[122  65]
[120  65]
[119  65]
[117  64]
[115  62]
[113  60]
[113  58]
[113  57]
[113  55]
[113  53]
[115  51]
[115  50]
[117  48]
[117  46]
[119  44]
[119  42]
[120  41]
[120  39]
[122  37]
[122  35]
[124  34]
[124  32]
[124  30]
[124  28]
[124  27]
[124  25]
[124  23]
[124  21]
[124  19]
[122  18]
[122  16]
[120  14]
[119  12]
[117  11]
[115   9]
[113   7]
[112   7]
[110   5]
[108   5]
[106   4]
[104   4]
[103   4]
[101   2]
[99  2]
[97  2]
[96  2]
[94  2]
[92  0]
[90  0]
[88  0]
[87  0]
[85  0]
[83  0]
[81  0]
[80  0]
[78  2]
[76  2]
[74  2]
[73  4]
[71  5]
[71  7]
[71  9]
[71 11]
[71 12]
[71 14]
[71 16]
[71 18]
[71 19]
[73 21]
[73 23]
[73 25]
[74 27]
[74 28]
[74 30]
[76 32]
[78 34]
[78 35]
[80 37]
[80 39]
[81 41]
[81 42]
[83 44]
[83 46]
[83 48]
[85 50]
[85 51]
[85 53]
[85 55]
[87 57]
[85 58]
[85 60]
[85 62]
[83 64]
[81 65]
[80 67]
[78 67]
[76 69]
[74 69]
[73 69]
[71 69]
[69 69]
[67 69]
[65 69]
[64 69]
[62 67]
[60 67]
[58 67]
[57 67]
[55 67]
[53 67]
[51 65]
[50 65]
[48 65]
[46 65]
[44 64]
[42 64]
[41 64]
[39 64]
[37 62]
[35 62]
[34 62]
[32 60]
[30 60]
[28 60]
[27 60]
[25 60]
[23 58]
[21 58]
[19 58]
[18 58]
[16 58]
[14 58]
[12 58]
[11 58]
[ 9 58]
[ 7 58]
[ 5 58]
[ 4 58]
[ 2 58]
[ 0 58]
