[200  61]
[198  60]
[196  58]
[195  58]
[193  58]
[191  58]
[189  58]
[188  58]
[186  58]
[184  58]
[182  58]
[181  58]
[179  58]
[177  58]
[175  58]
[174  60]
[172  60]
[170  60]
[168  60]
[167  60]
[165  61]
[163  61]
[161  61]
[160  61]
[158  63]
[156  63]
[154  63]
[153  63]
[151  65]
[149  65]
[147  65]
[146  65]
[144  67]
[142  67]
[140  67]
[139  67]
[137  67]
[135  68]
[133  68]
[132  68]
[130  68]
[128  68]
[126  68]
[125  68]
[123  68]
[121  68]
[119  67]
[118  67]
[116  65]
[114  63]
[114  61]
[114  60]
[114  58]
[114  56]
[114  54]
[114  53]
[114  51]
[116  49]
[116  47]
[116  46]
[118  44]
[119  42]
[119  40]
[121  39]
[121  37]
[123  35]
[123  33]
[125  32]
[125  30]
[126  28]
[126  26]
[126  25]
[128  23]
[128  21]
[128  19]
[128  18]
[128  16]
[128  14]
[128  12]
[128  11]
[128   9]
[126   7]
[125   5]
[125   4]
[123   4]
[121   2]
[119   2]
[118   2]
[116   0]
[114   0]
[112   0]
[111   0]
[109   0]
[107   0]
[105   2]
[104   2]
[102   2]
[100   2]
[98  2]
[96  4]
[95  4]
[93  4]
[91  4]
[89  5]
[88  5]
[86  7]
[84  7]
[82  9]
[81 11]
[79 12]
[77 14]
[77 16]
[75 18]
[75 19]
[75 21]
[75 23]
[75 25]
[75 26]
[75 28]
[75 30]
[75 32]
[77 33]
[77 35]
[79 37]
[79 39]
[81 40]
[81 42]
[82 44]
[82 46]
[84 47]
[84 49]
[86 51]
[86 53]
[86 54]
[86 56]
[86 58]
[86 60]
[84 61]
[82 63]
[81 63]
[79 65]
[77 65]
[75 65]
[74 65]
[72 65]
[70 65]
[68 65]
[67 65]
[65 65]
[63 65]
[61 65]
[60 65]
[58 65]
[56 63]
[54 63]
[53 63]
[51 63]
[49 61]
[47 61]
[46 61]
[44 61]
[42 61]
[40 60]
[39 60]
[37 60]
[35 60]
[33 60]
[32 60]
[30 58]
[28 58]
[26 58]
[25 58]
[23 58]
[21 58]
[19 58]
[18 58]
[16 58]
[14 58]
[12 58]
[11 58]
[ 9 58]
[ 7 58]
[ 5 58]
[ 4 58]
[ 2 58]
[ 0 58]
