[200  35]
[198  35]
[196  34]
[195  34]
[193  34]
[191  34]
[189  34]
[188  34]
[186  35]
[184  35]
[182  35]
[181  35]
[179  35]
[177  35]
[175  37]
[173  37]
[172  37]
[170  37]
[168  39]
[166  39]
[165  39]
[163  41]
[161  41]
[159  42]
[158  42]
[156  42]
[154  44]
[152  44]
[150  46]
[149  46]
[147  46]
[145  48]
[143  48]
[142  48]
[140  48]
[138  48]
[136  48]
[135  48]
[133  48]
[131  48]
[129  48]
[127  46]
[126  44]
[124  42]
[124  41]
[124  39]
[124  37]
[124  35]
[124  34]
[124  32]
[124  30]
[124  28]
[124  27]
[124  25]
[124  23]
[124  21]
[124  19]
[124  18]
[122  16]
[122  14]
[122  12]
[120  11]
[120   9]
[119   7]
[117   5]
[115   4]
[113   4]
[112   2]
[110   2]
[108   0]
[106   0]
[104   0]
[103   0]
[101   0]
[99  0]
[97  0]
[96  0]
[94  0]
[92  0]
[90  0]
[88  0]
[87  0]
[85  2]
[83  2]
[81  2]
[80  2]
[78  4]
[76  4]
[74  4]
[73  5]
[71  5]
[69  7]
[67  9]
[67 11]
[67 12]
[65 14]
[65 16]
[65 18]
[67 19]
[67 21]
[67 23]
[67 25]
[69 27]
[69 28]
[71 30]
[73 32]
[73 34]
[74 35]
[76 37]
[76 39]
[78 41]
[78 42]
[78 44]
[80 46]
[80 48]
[80 50]
[80 51]
[78 53]
[76 55]
[74 55]
[73 55]
[71 55]
[69 55]
[67 55]
[65 53]
[64 53]
[62 53]
[60 53]
[58 51]
[57 51]
[55 51]
[53 50]
[51 50]
[50 48]
[48 48]
[46 48]
[44 46]
[42 46]
[41 44]
[39 44]
[37 44]
[35 42]
[34 42]
[32 41]
[30 41]
[28 39]
[27 39]
[25 37]
[23 37]
[21 37]
[19 37]
[18 35]
[16 35]
[14 35]
[12 35]
[11 35]
[ 9 34]
[ 7 34]
[ 5 34]
[ 4 34]
[ 2 34]
[ 0 34]
