[200  35]
[198  35]
[197  35]
[195  35]
[194  35]
[192  35]
[190  35]
[189  35]
[187  35]
[186  37]
[184  37]
[183  37]
[181  37]
[179  37]
[178  38]
[176  38]
[175  38]
[173  38]
[171  40]
[170  40]
[168  41]
[167  41]
[165  43]
[163  43]
[162  44]
[160  44]
[159  44]
[157  46]
[156  46]
[154  48]
[152  48]
[151  49]
[149  49]
[148  49]
[146  51]
[144  51]
[143  52]
[141  52]
[140  52]
[138  54]
[137  54]
[135  54]
[133  54]
[132  56]
[130  56]
[129  56]
[127  56]
[125  56]
[124  56]
[122  56]
[121  56]
[119  54]
[119  52]
[117  51]
[117  49]
[119  48]
[119  46]
[119  44]
[119  43]
[121  41]
[122  40]
[122  38]
[124  37]
[124  35]
[125  33]
[127  32]
[127  30]
[129  29]
[129  27]
[130  25]
[130  24]
[130  22]
[132  21]
[132  19]
[132  17]
[132  16]
[132  14]
[132  13]
[130  11]
[130  10]
[129   8]
[127   6]
[125   5]
[124   5]
[122   5]
[121   3]
[119   3]
[117   3]
[116   2]
[114   2]
[113   2]
[111   2]
[110   2]
[108   0]
[106   0]
[105   0]
[103   0]
[102   0]
[100   0]
[98  0]
[97  0]
[95  0]
[94  0]
[92  0]
[90  0]
[89  2]
[87  2]
[86  3]
[84  3]
[83  5]
[81  6]
[79  8]
[78 10]
[76 11]
[76 13]
[75 14]
[75 16]
[75 17]
[75 19]
[73 21]
[73 22]
[73 24]
[73 25]
[73 27]
[73 29]
[73 30]
[73 32]
[73 33]
[73 35]
[73 37]
[73 38]
[73 40]
[73 41]
[73 43]
[73 44]
[71 46]
[70 48]
[68 49]
[67 49]
[65 49]
[63 49]
[62 49]
[60 49]
[59 49]
[57 49]
[56 49]
[54 49]
[52 48]
[51 48]
[49 48]
[48 46]
[46 46]
[44 46]
[43 44]
[41 44]
[40 44]
[38 43]
[37 43]
[35 41]
[33 41]
[32 41]
[30 40]
[29 40]
[27 40]
[25 38]
[24 38]
[22 38]
[21 37]
[19 37]
[17 37]
[16 37]
[14 37]
[13 35]
[11 35]
[10 35]
[ 8 35]
[ 6 35]
[ 5 35]
[ 3 35]
[ 2 35]
[ 0 35]
