[200  59]
[198  59]
[197  59]
[195  59]
[194  59]
[192  59]
[190  59]
[189  59]
[187  59]
[186  59]
[184  59]
[183  59]
[181  59]
[179  59]
[178  59]
[176  59]
[175  59]
[173  60]
[171  60]
[170  60]
[168  60]
[167  60]
[165  60]
[163  60]
[162  62]
[160  62]
[159  62]
[157  62]
[156  62]
[154  62]
[152  63]
[151  63]
[149  63]
[148  65]
[146  65]
[144  65]
[143  65]
[141  67]
[140  67]
[138  67]
[137  67]
[135  68]
[133  68]
[132  68]
[130  68]
[129  68]
[127  68]
[125  68]
[124  68]
[122  68]
[121  68]
[119  67]
[117  67]
[116  67]
[114  65]
[113  63]
[111  62]
[110  60]
[110  59]
[108  57]
[108  56]
[108  54]
[106  52]
[106  51]
[106  49]
[106  48]
[106  46]
[106  44]
[106  43]
[106  41]
[108  40]
[108  38]
[108  37]
[108  35]
[108  33]
[108  32]
[108  30]
[108  29]
[108  27]
[108  25]
[108  24]
[108  22]
[106  21]
[106  19]
[106  17]
[105  16]
[105  14]
[103  13]
[103  11]
[102  10]
[100   8]
[98  6]
[97  6]
[95  5]
[94  5]
[92  3]
[90  3]
[89  3]
[87  2]
[86  2]
[84  2]
[83  2]
[81  2]
[79  0]
[78  0]
[76  0]
[75  0]
[73  2]
[71  2]
[70  2]
[68  3]
[67  5]
[67  6]
[67  8]
[67 10]
[67 11]
[67 13]
[67 14]
[68 16]
[68 17]
[70 19]
[70 21]
[71 22]
[71 24]
[73 25]
[73 27]
[75 29]
[76 30]
[76 32]
[78 33]
[79 35]
[79 37]
[81 38]
[83 40]
[83 41]
[84 43]
[84 44]
[86 46]
[86 48]
[86 49]
[86 51]
[86 52]
[86 54]
[86 56]
[86 57]
[84 59]
[83 60]
[81 62]
[79 62]
[78 63]
[76 63]
[75 63]
[73 63]
[71 65]
[70 65]
[68 65]
[67 65]
[65 65]
[63 65]
[62 65]
[60 65]
[59 65]
[57 65]
[56 65]
[54 65]
[52 65]
[51 65]
[49 65]
[48 65]
[46 65]
[44 65]
[43 65]
[41 65]
[40 65]
[38 65]
[37 65]
[35 65]
[33 63]
[32 63]
[30 63]
[29 63]
[27 63]
[25 63]
[24 62]
[22 62]
[21 62]
[19 62]
[17 62]
[16 62]
[14 60]
[13 60]
[11 60]
[10 60]
[ 8 60]
[ 6 60]
[ 5 60]
[ 3 60]
[ 2 59]
[ 0 59]
