[200  58]
[198  58]
[197  58]
[195  58]
[194  58]
[192  58]
[191  58]
[189  58]
[187  58]
[186  58]
[184  60]
[183  60]
[181  60]
[180  60]
[178  60]
[176  60]
[175  61]
[173  61]
[172  61]
[170  61]
[169  61]
[167  63]
[165  63]
[164  63]
[162  63]
[161  63]
[159  63]
[157  63]
[156  63]
[154  63]
[153  63]
[151  63]
[150  63]
[148  65]
[146  65]
[145  65]
[143  65]
[142  65]
[140  65]
[139  65]
[137  65]
[135  63]
[134  63]
[132  63]
[131  63]
[129  63]
[128  63]
[126  63]
[124  61]
[123  61]
[121  61]
[120  61]
[118  60]
[117  60]
[115  58]
[113  57]
[112  55]
[110  54]
[110  52]
[110  50]
[110  49]
[110  47]
[110  46]
[110  44]
[110  43]
[112  41]
[112  39]
[113  38]
[113  36]
[115  35]
[117  33]
[117  31]
[118  30]
[120  28]
[120  27]
[121  25]
[123  24]
[123  22]
[124  20]
[124  19]
[126  17]
[128  16]
[128  14]
[128  13]
[129  11]
[129   9]
[129   8]
[129   6]
[129   5]
[129   3]
[129   2]
[128   0]
[126   0]
[124   0]
[123   0]
[121   0]
[120   0]
[118   0]
[117   0]
[115   0]
[113   0]
[112   2]
[110   2]
[109   2]
[107   2]
[106   3]
[104   3]
[102   5]
[101   5]
[99  6]
[98  8]
[96  9]
[94 11]
[93 13]
[93 14]
[91 16]
[91 17]
[90 19]
[90 20]
[90 22]
[88 24]
[88 25]
[88 27]
[88 28]
[88 30]
[88 31]
[88 33]
[88 35]
[88 36]
[88 38]
[90 39]
[90 41]
[90 43]
[90 44]
[90 46]
[90 47]
[90 49]
[90 50]
[90 52]
[90 54]
[88 55]
[88 57]
[88 58]
[87 60]
[87 61]
[85 63]
[83 63]
[82 65]
[80 66]
[79 66]
[77 66]
[76 66]
[74 66]
[72 66]
[71 66]
[69 66]
[68 66]
[66 66]
[65 66]
[63 66]
[61 66]
[60 65]
[58 65]
[57 65]
[55 65]
[54 63]
[52 63]
[50 63]
[49 61]
[47 61]
[46 61]
[44 61]
[43 60]
[41 60]
[39 60]
[38 60]
[36 60]
[35 60]
[33 58]
[31 58]
[30 58]
[28 58]
[27 58]
[25 58]
[24 58]
[22 58]
[20 57]
[19 57]
[17 57]
[16 57]
[14 57]
[13 57]
[11 57]
[ 9 57]
[ 8 57]
[ 6 57]
[ 5 57]
[ 3 57]
[ 2 57]
[ 0 58]
